image: map.pgm
mode: scale
resolution: 0.10567051282
origin: [0.000000, 0.000000, 0.000000]
negate: 0
occupied_thresh: 1.0
free_thresh: 0.0