image_width: 1280
image_height: 720
camera_name: narrow_stereo
camera_matrix:
  rows: 3
  cols: 3
  data: [940.7360710926395,    0.     ,  615.5884770322365,
            0.     , 939.9932393907364,  328.53938300868 ,
            0.     ,    0.     ,    1.     ]
distortion_model: plumb_bob
distortion_coefficients:
  rows: 1
  cols: 5
  data: [0.054834081023049625,
        -0.15994111706817074,
        -0.0017587106009926158,
        -0.0014671022483263552,
        0.049742166267499596]
rectification_matrix:
  rows: 3
  cols: 3
  data: [1., 0., 0.,
         0., 1., 0.,
         0., 0., 1.]
projection_matrix:
  rows: 3
  cols: 4
  data: [1230.6626 ,    0.     ,  980.2046 ,    0.     ,
            0.     , 1239.33496,  527.122  ,    0.     ,
            0.     ,    0.     ,    1.     ,    0.     ]
