image: map.png
mode: scale
resolution: 0.00505251842
origin: [0.000000, 0.000000, 0.000000]
negate: 0
occupied_thresh: 1.0
free_thresh: 0.0