image_width: 640
image_height: 480
camera_name: camera
camera_matrix:
  rows: 3
  cols: 3
  data: [714.2759253947113,    0.     ,  308.9055481412481 ,
            0.     , 716.0747783091201, 208.0380182051269,
            0.     ,    0.     ,    1.     ]
distortion_model: plumb_bob
distortion_coefficients:
  rows: 1
  cols: 5
  data: [-0.39573778364600615,
        0.16247996694699493,
        0.002012021503526469,
        0.00030015088633050026,
        -0.01712834433828524]
rectification_matrix:
  rows: 3
  cols: 3
  data: [1., 0., 0.,
         0., 1., 0.,
         0., 0., 1.]
projection_matrix:
  rows: 3
  cols: 4
  data: [0,    0.     ,  0,    0.     ,
            0.     , 0, 0,    0.     ,
            0.     ,    0.     ,    0.     ,    0.     ]